pgsMethod	NA	gap_gm_R2	gap_gm_estimate	gap_gm_statistic	gap_gm_df	gap_gm_p.value	NA.1	gap_wm_R2	gap_wm_estimate	gap_wm_statistic	gap_wm_df	gap_wm_p.value	NA.2	gap_gwm_R2	gap_gwm_estimate	gap_gwm_statistic	gap_gwm_df	gap_gwm_p.value
sbayesrc		0.0414337149417296	0.20355273258232	29.710117177462	20393	1.11757451962483e-189		0.0701883323205137	0.264930806665653	39.262094922548	20393	0		0.0622941717647944	0.24958800404826	36.8323054023195	20393	3.36429308915755e-287
sbayesr		0.0307886357608417	0.175466907879639	25.4697379528552	20393	1.04362152717445e-140		0.057303921593986	0.23938237527852	35.232610640435	20393	1.11891176131843e-263		0.0494744898368036	0.222428617396241	32.6022277160206	20393	5.09620484333041e-227
C+T(1)		0.0107246457880889	0.103559865720698	14.878919239041	20393	9.58924499719851e-50		0.0217550490164487	0.147495928813133	21.3105534212154	20393	1.50165007914105e-99		0.0169187703705505	0.130072173698107	18.746845432937	20393	1.17392199338497e-77
C+T(0.5)		0.0107266873307998	0.103569722075517	14.8803507006984	20393	9.38868795065617e-50		0.021753361625775	0.147490208575942	21.3097085693731	20393	1.5283538794499e-99		0.0169771881212197	0.130296539175911	18.779740424668	20393	6.39359010646036e-78
C+T(0.2)		0.011147783209676	0.105583063081519	15.1728464981312	20393	1.19940057327029e-51		0.0223729564181122	0.149575921919647	21.6179041846528	20393	2.35781266475036e-102		0.0176157334954906	0.132724276210084	19.1358681151268	20393	8.32420258743444e-81
C+T(0.1)		0.012675788250475	0.112586803180813	16.191836018984	20393	1.59692129325426e-58		0.0227277993147255	0.150757418771766	21.7926188460348	20393	5.77444235688386e-104		0.0185433036802972	0.136173799536831	19.6424875607257	20393	5.32212579375212e-85
C+T(0.05)		0.0128473226516855	0.113346030595189	16.3024416490313	20393	2.69752007898839e-59		0.0220170172687181	0.148381323854177	21.4413484732993	20393	9.72643930947071e-101		0.0189736610764953	0.137744913069395	19.8734715824631	20393	6.01107132540974e-87
C+T(0.01)		0.0107838252243193	0.103845198369108	14.9203605668636	20393	5.19622407250583e-50		0.0251460092515713	0.158574932607809	22.9510865760627	20393	5.86817691193732e-115		0.0199156972762734	0.141122986349756	20.3706339153445	20393	3.26703839076592e-91
C+T(0.001)		0.0113779032883365	0.106667254995788	15.330434539733	20393	1.10642054216331e-52		0.0240359681542295	0.155035377105451	22.4260303925519	20393	6.57312638413606e-110		0.0207517667056809	0.144054735103297	20.8026969550834	20393	5.32192802715489e-95
C+T(0.0001)		0.0124293496174246	0.111486993041451	16.0316645654862	20393	2.05440970323448e-57		0.022711071252416	0.150701928496008	21.7844110511949	20393	6.87809167078663e-104		0.0201571974464609	0.141976045326178	20.496295519133	20393	2.63179826788629e-92
C+T(1e-06)		0.00783575952177928	0.0885198255860193	12.699518852594	20393	9.1594878312342e-37		0.0146822063126933	0.121170154380909	17.4439969081065	20393	1.45675378013919e-67		0.014272179336027	0.119466226758976	17.1951172973566	20393	1.02774196295467e-65
C+T(5e-08)		0.00796153732859903	0.0892274471706942	12.8018494380438	20393	2.4948286060193e-37		0.0119171179510767	0.109165552950904	15.6937754325345	20393	4.1496695920722e-55		0.0110366665785899	0.105055540446898	15.0961905455997	20393	3.79049479498595e-51

sbayesrc		0.0445884846854199	0.211159855761979	9.65636921697065	1970	2.58855584351555e-21		0.0809066794275441	0.284440994632532	13.2620336522996	1970	5.09810319264486e-38		0.0707760266718125	0.266037641456641	12.3361780225114	1970	2.66356663174545e-33
sbayesr		0.0352086766813779	0.187639752401718	8.53897807839751	1970	4.389112999694e-17		0.0671722489493553	0.259176096408128	11.9947709059428	1970	1.23733206059648e-31		0.0533889458293446	0.23106048089049	10.6154309317151	1970	2.60677472944723e-25
C+T(1)		0.0172079390685318	0.131179034409206	5.91468134630633	1970	5.00870753181949e-09		0.0220675806538129	0.148551609394893	6.71460827598009	1970	3.3707070070898e-11		0.0221203581283311	0.148729143507018	6.72281432042073	1970	3.19254154009688e-11
C+T(0.5)		0.017333802459652	0.131657899343913	5.93665286164365	1970	4.39984008225468e-09		0.0230527730980407	0.151831396944244	6.86631585752684	1970	1.22306551197353e-11		0.0228090362285489	0.15102660768404	6.82906880330327	1970	1.57173056412809e-11
C+T(0.2)		0.0169466239829895	0.13017919950203	5.86881999238716	1970	6.55545091563012e-09		0.020371458861638	0.142728619630535	6.4458187993189	1970	1.93035415357779e-10		0.0211635051118157	0.145476819843629	6.57258882475769	1970	8.54496348657966e-11
C+T(0.1)		0.0169760999746601	0.130292363454886	5.87400978457222	1970	6.35943045686417e-09		0.019800246380972	0.140713348268642	6.35295449562089	1970	3.47452667971736e-10		0.0210124739396203	0.144956800253111	6.5485893391677	1970	9.98155228996073e-11
C+T(0.05)		0.0205301634629117	0.143283507295542	6.47140250241151	1970	1.6395275018642e-10		0.0212704792249337	0.145844023617472	6.58953904056508	1970	7.65436388150681e-11		0.0197890477899366	0.140673550427707	6.35112141465082	1970	3.51479622501138e-10
C+T(0.01)		0.0141467107116188	0.118939945819808	5.3545050608297	1970	1.17556376574319e-07		0.0329344335740543	0.181478465868693	8.24887801463561	1970	4.60962567819339e-16		0.0318080848654136	0.178348212397583	8.10187944762646	1970	1.47553728110187e-15
C+T(0.001)		0.0167030043348207	0.129240103430865	5.8257612532073	1970	8.4251876983591e-09		0.0370794002705987	0.192560121184524	8.77139873197763	1970	6.32650226388844e-18		0.027951886587808	0.16718817717712	7.57982927478491	1970	7.88032296879103e-14
C+T(0.0001)		0.0176258749683709	0.132762475754149	5.98734973442587	1970	3.25707988447376e-09		0.035663544798345	0.188847940942826	8.59598607860241	1970	2.74114505421192e-17		0.0243379344095393	0.156006199907373	7.0597592367242	1970	3.25850588329764e-12
C+T(1e-06)		0.012377872703995	0.111255888401446	5.00409265209745	1970	7.31481538734656e-07		0.0205582587060505	0.143381514520005	6.47592187945342	1970	1.59281089832923e-10		0.0206319814245884	0.143638370307479	6.48776711483893	1970	1.47645758668094e-10
C+T(5e-08)		0.0150307428334361	0.122599929989524	5.52174855712525	1970	4.72174773729788e-08		0.0187676749894607	0.136995164109762	6.1818299666531	1970	1.0054939025163e-09		0.0213069565124294	0.145969025866549	6.59530980936786	1970	7.37240711744044e-11

sbayesrc		0.068457431737768	0.261643711443191	12.1173231568673	1970	3.15253225806022e-32		0.103211304541676	0.321265162352963	15.1640885945933	1970	1.39851932018196e-48		0.0898798255978988	0.299799642424568	14.0468673678941	1970	3.07523863285836e-42
sbayesr		0.0525701239498518	0.229281756687818	10.529159501458	1970	6.15558682629295e-25		0.0866931870527588	0.294437068068473	13.7715200188743	1970	9.79075731688169e-41		0.0738962092954302	0.271838572125867	12.6263839469791	1970	9.49270807238731e-35
C+T(1)		0.0318039503755545	0.178336620960347	8.10133558218773	1970	1.48185029367474e-15		0.027397905301707	0.165523126183947	7.5022031788196	1970	1.39466996325312e-13		0.0391883852140282	0.197960564795184	9.02728812185732	1970	7.10399282888932e-19
C+T(0.5)		0.0316470106006517	0.177896066849865	8.08066754546354	1970	1.74253685914436e-15		0.0286219625604889	0.169180266462992	7.67278990525887	1970	3.94984960759315e-14		0.0389838294229285	0.197443230886573	9.00273866142027	1970	8.78365728195347e-19
C+T(0.2)		0.03291711773716	0.181430751905955	8.24663540586324	1970	4.6928442942938e-16		0.0306061045393163	0.174946004639478	7.9423977113436	1970	5.10280015325517e-15		0.0377438981936815	0.194277889101363	8.85270069397241	1970	3.17759165601558e-18
C+T(0.1)		0.0318054882284986	0.178340932565967	8.1015378805324	1970	1.47949897675386e-15		0.0280520155482556	0.167487359368567	7.59378445283411	1970	7.10765488842062e-14		0.0397618916078182	0.199403840504184	9.09581862454505	1970	3.91748110086437e-19
C+T(0.05)		0.0329991634270299	0.181656718639939	8.25725662416639	1970	4.31139104296971e-16		0.0293120475551913	0.171207615353965	7.7674953242409	1970	1.93893710446318e-14		0.0373842705761972	0.193350124324235	8.80877912935122	1970	4.61285924415599e-18
C+T(0.01)		0.0260090256934543	0.161273140024786	7.30436249003265	1970	5.83189544596885e-13		0.0378476899128523	0.194544827515029	8.8653424653953	1970	2.85346632048907e-18		0.0360204301781936	0.189790490220647	8.6404880647366	1970	1.89445111304177e-17
C+T(0.001)		0.0215277976398426	0.146723541532511	6.63014913133796	1970	5.87390160005074e-11		0.0445717954432254	0.211120334035415	9.6544775605707	1970	2.6339621047905e-21		0.0426298842895009	0.206470056641395	9.43224092818672	1970	1.98907464904894e-20
C+T(0.0001)		0.0213077452100112	0.145971727433812	6.59543453164669	1970	7.3664268717744e-11		0.0524502522561859	0.229020200541755	10.516482958236	1970	6.98034055537927e-25		0.0392908467642462	0.198219188688296	9.03956375071576	1970	6.38745950491993e-19
C+T(1e-06)		0.0237064683798712	0.153969050071341	6.96531828082124	1970	6.24144180910095e-12		0.0374735138699763	0.193580768337085	8.8196958120947	1970	4.20537448396317e-18		0.0317325144673819	0.178136224467069	8.09193361212818	1970	1.59528993825007e-15
C+T(5e-08)		0.0196297421589459	0.14010618172995	6.32499193151233	1970	4.14087928069124e-10		0.0262593898497588	0.162047492574735	7.34037784882253	1970	4.50638788897639e-13		0.0279390378313153	0.167149746728242	7.57803686522754	1970	7.98536874002545e-14

sbayesrc		0.00397073292423492	0.0630137518660405	1.15563767558595	324	0.256584673094632		0.0320143059104955	0.178925419967358	3.3285875107021	324	0.00117700958423878		0.0175671217932254	0.132541019285447	2.44749191346536	324	0.0166443450899956
sbayesr		0.00215412694954014	0.0464125731837844	0.850406004192025	324	0.403587013599247		0.0234420187500676	0.153107866388594	2.83576926460116	324	0.00560275372371504		0.0146790520662278	0.1211571379087	2.2339968220504	324	0.0287272227486694
C+T(1)		0.0104583206951671	0.102265931253605	1.88163912733484	324	0.0651532975961631		0.0215251131687198	0.146714393188671	2.71469025159167	324	0.00797339996255395		0.0232678026325367	0.152537872780948	2.82496022274296	324	0.00578488571846455
C+T(0.5)		0.00865791363945461	0.0930479104518453	1.7104770686845	324	0.0935012305890272		0.0230338377650518	0.151769027686982	2.81038484178123	324	0.0060389714099322		0.0237860664372032	0.154227320657538	2.85700641987672	324	0.00525996847426583
C+T(0.2)		0.00903657443624094	0.095060898566345	1.74781517524799	324	0.0865913617525798		0.0380130124352756	0.194969260231647	3.63834559206371	324	0.000398948568585763		0.0278715698362538	0.166947805724585	3.09914072210719	324	0.0024946229329978
C+T(0.1)		0.0128210130058566	0.113229912151589	2.08586224217952	324	0.0410384300879544		0.0298611318409439	0.172803737925266	3.21113514359547	324	0.00173821106447823		0.0238091151468233	0.154302025737912	2.85842404932949	324	0.00523777895855711
C+T(0.05)		0.00496658648378229	0.07047401282588	1.2931013714081	324	0.204393877136856		0.0188003796495058	0.13711447644033	2.53353569505151	324	0.0132169032360791		0.0123279918720174	0.111031490452112	2.04485350603793	324	0.0451533372292291
C+T(0.01)		0.00121825982878318	0.034903579025412	0.639229881724438	324	0.530022797837201		0.00214720743691044	0.0463379697107075	0.849036119564979	324	0.404344015504191		0.00924354042643336	0.0961433327196086	1.76790172558873	324	0.0830490336065487
C+T(0.001)		3.16866493876979e-06	0.00178007441944706	0.0325807630058766	324	0.974458771936736		0.0072153700164499	0.0849433341495959	1.56035775857687	324	0.125876157816312		0.00720431420979732	0.0848782316604047	1.559153183696	324	0.126167582761433
C+T(0.0001)		6.41282384271179e-06	0.00253235539423514	0.0463498626108053	324	0.963671064357418		0.00777252590762763	0.0881619300357452	1.61993604363472	324	0.1121087629197		0.00867837075419615	0.0931577734501858	1.71251432304064	324	0.0931130816511818
C+T(1e-06)		0.00139403423537566	0.0373367678753218	0.683851879935957	324	0.501725206837848		0.00492224459403113	0.0701587100368238	1.2872873156413	324	0.206431056795243		0.000738567923687728	0.027176606184138	0.497597353451741	324	0.62491821830357
C+T(5e-08)		3.04874323204323e-06	-0.00174606507096478	-0.0319582868206949	324	0.974946590613422		0.00123266132241154	0.0351092768710997	0.643001701627907	324	0.52759970910176		0.00240739596886471	0.0490652215817346	0.899123932435	324	0.377222899753644

sbayesrc		0.0310847409886701	0.176308652619972	4.51709564681284	625	8.96306448255985e-06		0.0381085141929074	0.195214021506928	5.01968570523732	625	8.39871030962308e-07		0.0387471968865898	0.196843076806348	5.06325608088603	625	6.77192612792465e-07
sbayesr		0.025402810435729	0.159382591382274	4.07152273480139	625	6.10736962801893e-05		0.0205423858222592	0.143326151913247	3.65225569830464	625	0.000317819507072126		0.0175787140420895	0.132584742870699	3.37344183693578	625	0.000874730833489325
C+T(1)		0.0185611086436514	0.136239159728954	3.46815806241312	625	0.000624881614315397		0.00717342368332542	0.0846960665162522	2.14365604009809	625	0.0339751969227896		0.0136853282007325	0.116984307497769	2.9706290219984	625	0.00335146040964517
C+T(0.5)		0.0181534891484657	0.134734884675298	3.42915260187805	625	0.00071839729148474		0.00817321135606149	0.090405814835449	2.28932265277967	625	0.0235815592039886		0.0144951399650266	0.120395763899842	3.05851334156294	625	0.0025304092312262
C+T(0.2)		0.0223502736600618	0.149500079130621	3.81310126321593	625	0.000171865053460022		0.00761204043947457	0.0872470081978435	2.20870827374394	625	0.028927744016459		0.0128275320662031	0.113258695322713	2.87477325015632	625	0.00451876353612464
C+T(0.1)		0.024735048197535	0.157273800098856	4.01627673658245	625	7.65631782620941e-05		0.00653190062096351	0.0808201745912709	2.0448967229672	625	0.0430724668728136		0.0171795268707682	0.131070694172146	3.33424155615628	625	0.0010030888219441
C+T(0.05)		0.0192014599741763	0.138569332733388	3.52862720517782	625	0.000502072509242461		0.00617911199776067	0.0786073278884397	1.98855465090357	625	0.0491322250623094		0.0179742630707008	0.134068128467212	3.41187152815426	625	0.000763861576348739
C+T(0.01)		0.0253400395748937	0.15918555077297	4.06635826686798	625	6.23848766539261e-05		0.00565061947671802	0.0751706024767529	1.90110929449651	625	0.0599480212166666		0.0174464454323624	0.132084993214076	3.36050016047778	625	0.000915314969778152
C+T(0.001)		0.00357516178996494	0.0597926566558548	1.51061619188636	625	0.134769161971324		0.00791075047883747	0.0889423997811925	2.25196703633727	625	0.0259415250928297		0.00847339314724808	0.092051035557717	2.33133696670739	625	0.0211524828139759
C+T(0.0001)		0.00215455596564878	0.0464171947197241	1.1718602100156	625	0.245808102167879		0.0301758733528229	0.173712041473304	4.44848356082797	625	1.21787020793228e-05		0.014440473175476	0.120168519902161	3.05265580848399	625	0.0025787890654839
C+T(1e-06)		0.00253943472638398	0.050392804311568	1.27247487958869	625	0.20762716676317		0.0141470259275385	0.118941270917787	3.02103013275569	625	0.00285496007961511		0.0075231414119181	0.0867360444793172	2.19567458977993	625	0.0298837456917314
C+T(5e-08)		0.00181124552639989	0.0425587303194056	1.07426365895007	625	0.287317429854072		0.0106208093039277	0.1030573107738	2.61291918441253	625	0.009814958754889		0.00338437626083995	0.0581753922276417	1.46961654374151	625	0.145659393059472

sbayesrc		0.0410040403876483	0.202494544093534	3.51523091448576	278	0.000652963150531497		0.0905480757937636	0.300912073193755	5.36412217774389	278	2.86473109821357e-07		0.0722001029433722	0.2687007684086	4.74231796927347	278	5.10923564142404e-06
sbayesr		0.0333141571750353	0.182521662207628	3.15588128086902	278	0.00216720641700096		0.0560616167757896	0.236773344732446	4.1429520560974	278	6.29969132696868e-05		0.0521501942745389	0.228364170295033	3.98755901884395	278	0.000115619072310296
C+T(1)		0.00920538671952604	0.0959447065737659	1.63861951215489	278	0.109160526610653		0.0325913694256014	0.180530799105309	3.12029206826559	278	0.00242699874487442		0.0302106667360789	0.173812159344733	3.00047750340118	278	0.00352665206870009
C+T(0.5)		0.00973578510299795	0.0986700821069789	1.68561686693177	278	0.0994135659128698		0.0326989641168193	0.180828548954028	3.12561219224252	278	0.00238642269027039		0.0331311667453904	0.182019687796102	3.1469040833192	278	0.00223020344461868
C+T(0.2)		0.0137628643181992	0.11731523480861	2.00822634402339	278	0.0498726796990531		0.0469433999572647	0.216664256298229	3.77291347214114	278	0.00025944556229953		0.0314006049314789	0.177202158371389	3.06087667605151	278	0.00292533034774979
C+T(0.1)		0.014779519373749	0.121571046609581	2.08215166850596	278	0.0420810261591514		0.037173490543645	0.192804280407996	3.34034691433196	278	0.00118579815263213		0.0406615368578247	0.201647060126908	3.49989396973719	278	0.000688704524340386
C+T(0.05)		0.0214662185242979	0.14651354382547	2.51790176833902	278	0.0141304617241371		0.0239369626686156	0.154715747965796	2.66222347873561	278	0.00951595153745852		0.0383448781687759	0.195818482704713	3.39463377545515	278	0.000987870562383376
C+T(0.01)		0.0229872897092786	0.151615598502524	2.60761036829497	278	0.0110736053811663		0.0127537624565887	0.112932557115248	1.9322145123303	278	0.0591184534805759		0.0299899690847011	0.17317612157772	2.98915763029962	278	0.00365121173471993
C+T(0.001)		0.00172634079578871	0.0415492574637467	0.706947856934618	278	0.488660461074912		0.00753293438516141	0.0867924788513464	1.48106105346617	278	0.147462220008759		0.0109810130997099	0.104790329227987	1.79129787881108	278	0.0800396935853975
C+T(0.0001)		0.0044612986286348	0.0667929534354845	1.13802157305993	278	0.265320199255623		0.00403984073907559	0.063559741496293	1.08270479614189	278	0.289202789236497		0.0116114941404817	0.107756643138517	1.84259179069866	278	0.0718144300682195
C+T(1e-06)		0.00600188982716955	0.0774718647456582	1.32099189069772	278	0.196185299727467		0.0180451381082562	0.134332193119357	2.30453476543887	278	0.0245793729574022		0.0127282204197487	0.112819415083348	1.93025374421549	278	0.0593747181702888
C+T(5e-08)		0.000866561840861152	0.0294374224561382	0.500653152227734	278	0.623790706195856		0.014681681915835	0.121167990475352	2.07514547791397	278	0.0427721115627009		0.0101594642446034	0.100794167711249	1.72227186487718	278	0.092306676475289
